7.2746331236897e-04 4.0743186582809e-02 3.7840670859539e-04 4.8773584905660e-03 4.2614255765199e-02 1.4392033542977e-03 2.9591194968553e-03 1.7348008385744e-03 2.6510062893082e-01 9.4879454926625e-02 6.8658280922432e-04 2.8186582809224e-03 1.5295597484277e-02 1.4329140461216e-03 2.1346645702306e-01 9.9895178197065e-04 2.5643605870021e-02 1.2724318658281e-02 1.8258909853249e-02 1.0148532494759e-01 1.5084905660377e-02 3.9873165618449e-02 1.3984276729560e-02 3.5728511530398e-02 5.5859538784067e-03 2.3595387840671e-02 1.2136268343816e-02 7.3270440251572e-04 4.1876310272537e-03 8.2599580712788e-04 
5.1866449511401e-02 7.1986970684039e-04 1.8957654723127e-03 1.0513029315961e-02 5.5967426710098e-02 6.9153094462541e-03 8.1758957654723e-04 7.9478827361564e-04 1.8068566775244e-01 1.2752605863192e-01 2.1563517915309e-03 1.0957654723127e-02 8.1270358306189e-04 4.9680781758958e-02 1.1767100977199e-01 6.3843648208469e-04 3.5179153094463e-03 3.3200325732899e-02 1.4511563517915e-01 7.2571661237785e-02 4.5231270358306e-02 3.4439739413681e-02 1.1066775244300e-02 5.9804560260586e-03 4.9136807817590e-03 1.1596091205212e-03 2.7410423452769e-03 8.8273615635179e-04 1.4039087947883e-03 1.8156351791531e-02 
1.3330960854093e-02 1.0229537366548e-02 5.3167259786477e-03 8.3254448398576e-02 5.3558718861210e-04 1.3790035587189e-03 5.0782918149466e-03 2.3701067615658e-03 2.9372241992883e-01 1.3169039145907e-01 8.4295373665481e-02 2.5711743772242e-03 1.3042704626335e-03 3.2206405693950e-04 1.5587188612100e-03 1.6863879003559e-01 1.1476868327402e-03 2.1779359430605e-03 5.3024911032029e-04 1.1195729537367e-01 4.5017793594306e-04 4.9717081850534e-02 1.5782918149466e-03 1.6814946619217e-03 5.0711743772242e-04 5.2313167259787e-04 1.3925266903915e-02 7.2170818505338e-03 2.2918149466192e-03 6.9750889679715e-04 
9.3037735849057e-02 2.8113207547170e-03 1.0490566037736e-02 6.3018867924528e-03 2.6375471698113e-01 3.3773584905660e-03 5.6245283018868e-02 2.5094339622641e-03 2.6730188679245e-01 6.8490566037736e-03 3.7169811320755e-03 2.8113207547170e-03 2.7735849056604e-03 3.2075471698113e-03 5.8622641509434e-02 5.9622641509434e-03 3.2811320754717e-02 4.5094339622641e-03 2.7169811320755e-03 8.1226415094339e-02 2.9622641509434e-03 2.8301886792453e-03 3.5471698113208e-03 3.2452830188679e-03 2.9811320754717e-03 3.1339622641509e-02 6.5849056603774e-03 8.0000000000000e-03 3.4339622641509e-03 2.4037735849057e-02 
8.6170212765957e-04 1.0138297872340e-02 1.9893617021277e-03 7.3031914893617e-03 9.8936170212766e-04 3.8813829787234e-02 1.4101063829787e-02 4.3617021276596e-03 4.1230319148936e-01 6.2127659574468e-03 3.0269680851064e-01 1.9095744680851e-03 5.4510638297872e-02 1.0851063829787e-03 1.2106382978723e-02 3.6223404255319e-03 1.7340425531915e-03 4.6968085106383e-03 1.5159574468085e-03 3.6968085106383e-03 1.5478723404255e-03 9.4148936170213e-04 6.5000000000000e-02 1.3085106382979e-03 5.8457446808511e-03 1.4281914893617e-02 2.1755319148936e-03 3.7074468085106e-03 8.3776595744681e-03 1.2164893617021e-02 
1.1175000000000e-01 7.0588235294117e-04 6.4661764705882e-03 2.0088235294118e-03 5.2294117647059e-03 2.6161764705882e-03 6.2998529411765e-02 3.7647058823529e-04 6.1235294117647e-02 3.8715294117647e-01 4.6323529411765e-04 6.3852941176471e-03 1.1957647058824e-01 7.6764705882353e-04 1.1726470588235e-02 9.0220588235294e-03 4.0566176470588e-02 1.5916176470588e-02 1.4073529411765e-03 3.8088235294118e-04 1.4764705882353e-02 7.8823529411765e-04 5.2373529411765e-02 2.2198529411765e-02 1.1729411764706e-02 4.7205882352941e-04 4.0702941176471e-02 4.0735294117647e-03 3.8955882352941e-03 2.2500000000000e-03 
6.2977941176471e-03 2.2058823529412e-03 8.6764705882353e-04 1.6321323529412e-01 2.7297058823529e-01 8.1250000000000e-04 5.4779411764706e-04 7.0588235294118e-04 2.7052941176471e-01 1.2658088235294e-02 9.5569852941176e-02 4.7058823529412e-04 6.4705882352941e-04 5.6250000000000e-04 6.2904411764706e-03 9.6691176470588e-04 2.1102941176471e-03 1.3957720588235e-01 7.1691176470588e-04 3.4080882352941e-03 1.0330882352941e-03 9.0625000000000e-03 1.1764705882353e-03 2.3161764705882e-03 4.8161764705882e-04 8.6397058823530e-04 1.9522058823529e-03 7.5000000000000e-04 5.9558823529412e-04 6.3970588235294e-04 
4.6410256410257e-03 7.7179487179487e-03 4.8333333333333e-03 6.6500000000000e-02 4.9961538461538e-02 6.3076923076923e-03 4.1923076923077e-03 4.4487179487179e-03 2.4589743589744e-01 7.0666666666667e-02 1.2429487179487e-01 5.9102564102564e-03 2.9487179487179e-03 3.3076923076923e-03 4.1410256410257e-03 7.6282051282051e-03 2.3589743589744e-03 3.5769230769231e-03 7.2371794871795e-02 2.3114102564103e-01 7.5000000000000e-03 1.0666666666667e-02 1.1589743589744e-02 6.6153846153846e-03 7.3333333333333e-03 1.1025641025641e-02 1.3833333333333e-02 2.2179487179487e-03 3.5384615384615e-03 2.8333333333333e-03 
7.3011990407674e-02 2.9143884892086e-02 4.1472422062350e-02 6.7889688249400e-03 9.8539568345324e-02 7.0647482014389e-03 1.0719424460432e-02 9.0167865707434e-04 2.4252997601918e-01 1.2551318944844e-01 4.9980815347722e-02 2.1702637889688e-03 7.1223021582734e-04 3.1726618705036e-03 9.3856115107914e-02 5.1366906474820e-03 5.3669064748201e-03 1.2869064748201e-01 5.8992805755396e-03 1.6280575539568e-02 1.5539568345324e-03 2.1798561151079e-03 2.5467625899281e-03 4.0863309352518e-03 2.6642685851319e-03 3.0249400479616e-02 1.6115107913669e-03 1.1606714628297e-03 9.4724220623501e-04 6.0479616306954e-03 
3.6708494208494e-02 1.0965250965251e-03 3.3038610038610e-02 4.5193050193050e-03 1.2286100386100e-01 1.6293436293436e-03 1.8918918918919e-03 2.0019305019305e-03 1.8891505791506e-01 4.7980694980695e-02 1.1756563706564e-01 7.7895752895753e-03 1.6640926640927e-02 1.8667953667954e-03 1.1735521235521e-02 8.2239382239382e-04 3.6602316602317e-03 4.5926640926641e-03 8.5714285714286e-04 2.5014671814672e-01 2.1428571428571e-03 8.2729729729730e-02 8.8494208494208e-03 5.9845559845560e-04 9.0733590733591e-04 9.4305019305019e-03 3.5173745173745e-03 3.0449806949807e-02 4.0501930501931e-03 1.0038610038610e-03 
7.6579514824798e-02 1.6846361185984e-04 4.9932614555256e-03 5.6738544474394e-04 1.0114622641509e-01 2.8632075471698e-03 3.0710646900270e-01 1.6307277628032e-04 1.7987735849057e-01 2.9266846361186e-02 1.1711590296496e-02 4.6563342318059e-04 1.3288409703504e-03 1.3544474393531e-04 2.2046159029650e-01 1.8261455525606e-04 7.7762803234501e-03 1.0471698113208e-03 3.5309973045822e-04 2.0693396226415e-02 1.2857142857143e-03 1.1401617250674e-03 1.6588948787062e-02 1.3288409703504e-03 1.9002695417790e-04 8.8477088948787e-04 1.2830188679245e-03 3.6725067385445e-04 2.4056603773585e-04 9.8032345013477e-03 
8.3689839572193e-04 1.5097058823529e-01 6.6069518716578e-03 4.6660427807487e-01 1.8395721925134e-02 9.2513368983957e-04 6.0427807486631e-04 7.2192513368984e-04 1.8916310160428e-01 5.8582887700535e-03 3.7745989304813e-02 2.3556149732620e-03 6.3636363636364e-04 4.8395721925134e-03 8.4491978609626e-04 9.8930481283422e-04 1.1631016042781e-03 6.2032085561497e-04 7.8877005347594e-04 6.2005347593583e-03 3.3588235294118e-02 1.2189839572193e-02 6.6042780748663e-04 1.1711229946524e-03 1.3556149732620e-03 2.2644385026738e-02 2.7299465240642e-03 2.9973262032086e-03 2.3494652406417e-02 2.2967914438503e-03 
8.1166666666667e-03 1.1983333333333e-02 2.6833333333333e-03 5.6305555555556e-03 9.2875000000000e-02 9.5083333333333e-03 5.7777777777778e-04 6.7500000000000e-04 3.5213888888889e-02 5.2972222222222e-03 8.4438888888889e-02 1.3900000000000e-02 5.1388888888889e-04 6.9361111111111e-03 1.1750833333333e-01 5.1679722222222e-01 1.4222222222222e-03 5.9444444444444e-04 8.8333333333333e-04 4.7727777777778e-02 3.6083333333333e-03 1.3027777777778e-03 4.3277777777778e-03 1.1944444444444e-02 3.5611111111111e-03 2.3638888888889e-03 1.1194444444444e-03 2.8111111111111e-03 8.1944444444444e-04 4.8583333333333e-03 
9.4086002372479e-02 5.4448398576512e-04 5.6010676156584e-02 7.6720047449585e-03 7.1475682087782e-02 2.3819691577699e-03 3.0836298932384e-03 2.0919335705813e-03 7.5313167259786e-02 2.6429418742586e-01 2.4804270462633e-02 4.6746144721234e-02 1.0474495848161e-03 2.8113879003559e-04 4.7016014234875e-02 1.1293001186240e-03 2.3152431791222e-02 6.2336892052195e-04 5.1957295373666e-04 1.2799525504152e-03 2.2874258600237e-02 1.9756820877817e-03 6.1447212336892e-04 2.1027758007117e-01 8.4638196915777e-04 2.2251482799525e-02 1.2170818505338e-03 4.5848161328588e-04 2.1957295373665e-03 1.3735468564650e-02 
3.2573529411765e-03 5.9761029411765e-02 8.0882352941177e-03 3.7488970588235e-02 2.3518382352941e-02 1.3933823529412e-03 6.4705882352941e-04 3.1595588235294e-02 2.0607352941176e-01 1.3492647058824e-03 7.2463235294118e-03 1.7208088235294e-01 8.3602941176471e-03 5.9926470588235e-04 1.7783455882353e-01 1.0882352941176e-03 3.7095588235294e-03 4.3970588235294e-02 6.0661764705882e-04 1.3140441176471e-01 8.2720588235294e-04 1.6860294117647e-02 2.4852941176471e-03 3.2022058823529e-03 2.9522058823529e-03 9.0441176470588e-04 1.2352941176471e-03 3.8290441176471e-02 3.0588235294118e-03 1.0110294117647e-02 
1.1838757396450e-02 1.1665680473373e-02 4.4178994082840e-03 1.0147928994083e-03 1.5490384615385e-02 1.2522189349112e-03 1.1223372781065e-02 1.1187130177515e-02 2.2573076923077e-01 1.0540014792899e-01 1.0667973372781e-01 4.9683431952663e-02 1.0303254437870e-03 2.9656804733728e-02 5.9763313609467e-04 3.8683431952663e-04 5.1035502958580e-04 1.1591420118343e-01 4.6028106508876e-03 1.4592159763314e-01 7.3592455621302e-02 3.8954881656805e-02 1.0177514792899e-03 1.6553254437870e-03 8.6834319526627e-04 4.7034023668639e-03 2.6849112426036e-04 1.3294378698225e-02 1.1619822485207e-03 1.0278106508876e-02 
1.3697600000000e-01 2.1627600000000e-01 5.0800000000000e-04 1.0276000000000e-02 8.0080000000000e-02 8.7000000000000e-04 1.3220000000000e-03 1.9000000000000e-03 1.2604400000000e-01 6.6420000000000e-02 3.9662000000000e-02 1.9400000000000e-03 3.3000000000000e-04 3.1400000000000e-04 2.5406200000000e-01 5.6360000000000e-03 1.8240000000000e-03 1.1220000000000e-03 5.9200000000000e-04 9.6560000000000e-03 1.3460000000000e-03 2.2322000000000e-02 3.8220000000000e-03 5.6400000000000e-04 1.0004000000000e-02 2.6800000000000e-03 4.5400000000000e-04 4.9600000000000e-04 1.7700000000000e-03 7.3200000000000e-04 
7.6956521739130e-03 2.1646739130435e-02 2.4510869565217e-03 1.7771739130435e-03 2.7173913043478e-03 9.7114130434783e-02 3.6956521739130e-03 4.0978260869565e-03 2.8111413043478e-01 1.0673913043478e-02 2.9777173913043e-02 6.7244565217391e-02 3.3956521739130e-02 1.0271739130435e-03 2.0433152173913e-01 1.3282608695652e-02 1.8586956521739e-03 8.5489130434783e-03 3.8532608695652e-03 7.1978260869565e-02 5.3423913043478e-03 4.7809782608696e-02 2.3260869565217e-03 1.9836956521739e-03 2.9266304347826e-02 5.5326086956522e-03 2.3260869565217e-03 1.4619565217391e-03 1.5255434782609e-02 1.9853260869565e-02 
7.2779787234043e-02 3.8074468085106e-02 4.0452127659575e-02 2.5867021276596e-02 4.4522340425532e-02 1.4106382978723e-03 3.2095744680851e-02 5.9106382978723e-03 2.1682021276596e-01 1.1095212765957e-01 3.2994680851064e-02 2.3771276595745e-02 5.3287234042553e-03 2.5638297872340e-04 2.9703191489362e-02 1.7480851063830e-02 5.4255319148936e-04 2.1723404255319e-03 2.2510638297872e-03 8.1840425531915e-02 1.5170212765957e-03 3.8515957446809e-02 1.4606382978723e-03 1.9276595744681e-03 5.1382978723404e-04 2.4787234042553e-03 1.0069893617021e-01 1.6953191489362e-02 4.3191489361702e-04 5.0275531914894e-02 
3.0518518518519e-02 3.2496296296296e-02 2.0320987654321e-03 1.4271604938272e-03 1.7411358024691e-01 3.7432098765432e-03 3.2296296296296e-03 7.6518518518518e-03 2.4270864197531e-01 5.4893827160494e-02 3.4540740740741e-02 7.5555555555556e-04 9.4148148148148e-03 7.9506172839506e-04 9.7481481481481e-03 3.1925925925926e-03 1.3728395061728e-03 8.2962962962963e-04 3.1851851851852e-03 7.2780246913580e-02 1.9165432098765e-01 3.1256790123457e-02 3.2661728395062e-02 3.4817283950617e-02 1.5086419753086e-03 1.2545679012346e-02 1.2790123456790e-03 3.3604938271605e-03 4.8148148148148e-04 1.0049382716049e-03 
3.5728587319244e-03 1.2714126807564e-03 2.7508342602892e-03 1.4206896551724e-02 2.2984427141268e-02 3.8375973303671e-04 1.5050055617353e-03 1.7797552836485e-02 2.1612791991101e-01 3.2280200222469e-01 4.8355951056730e-02 2.2180200222469e-03 6.7575083426029e-03 4.1490545050056e-04 1.2431701890990e-01 3.0834260289210e-03 5.3112347052280e-02 2.0733036707453e-02 3.3403781979978e-03 2.6696329254727e-02 5.9434927697442e-02 2.0185761957731e-02 8.4315906562848e-04 1.7096774193548e-03 9.3548387096774e-04 6.0845383759733e-04 3.1145717463849e-04 1.0023359288098e-02 4.6340378197998e-03 8.8820912124583e-03 
4.8711538461538e-02 2.0048076923077e-03 1.1654326923077e-01 1.3894230769231e-02 5.3677884615385e-02 1.3150480769231e-01 2.1298076923077e-03 4.2884615384615e-03 2.2212980769231e-01 6.7312500000000e-02 2.6153846153846e-03 3.9038461538462e-03 7.2019230769231e-03 1.0336538461538e-03 9.5798076923077e-02 5.0384615384615e-03 5.2168269230769e-02 7.1201923076923e-03 4.8221153846154e-03 6.4192307692308e-02 5.7019230769231e-03 8.4134615384615e-04 1.1682692307692e-03 1.3759615384615e-02 3.3076923076923e-03 2.5480769230769e-03 3.8644230769231e-02 1.3173076923077e-03 5.2836538461538e-03 2.1336538461538e-02 
1.8112653061224e-02 1.0824489795918e-03 4.0995918367347e-03 1.1773877551020e-02 8.8768979591837e-02 4.2710204081633e-03 1.8506122448980e-03 1.3112653061225e-02 1.8496734693878e-01 1.9220408163265e-01 1.1752653061225e-02 4.5608163265306e-03 5.4367346938776e-04 1.7142857142857e-04 1.0649877551020e-01 3.9673469387755e-04 2.8220408163265e-02 4.6979591836735e-03 1.7273469387755e-02 3.6191836734694e-02 2.3211428571429e-02 4.8326530612245e-04 6.6530612244898e-04 7.7281632653061e-03 3.7714285714286e-03 8.1224489795918e-04 4.3077551020408e-03 3.5134693877551e-03 2.2418530612245e-01 7.7061224489796e-04 
2.0202020202020e-03 2.7282828282828e-02 4.7121212121212e-02 4.9161616161616e-02 4.4545454545455e-02 7.7272727272727e-03 7.9090909090909e-03 2.8787878787879e-03 1.8323232323232e-01 1.0631313131313e-01 1.8787878787879e-03 5.9696969696970e-03 4.0000000000000e-03 2.7171717171717e-03 9.2090909090909e-02 2.4949494949495e-03 2.4141414141414e-03 2.3757575757576e-02 3.8515151515152e-02 2.8323232323232e-02 1.4969696969697e-01 2.0808080808081e-02 4.4747474747475e-03 2.2303030303030e-02 1.9848484848485e-02 3.4646464646465e-03 8.1939393939394e-02 5.0505050505051e-03 8.6969696969697e-03 3.3636363636364e-03 
1.5506329113924e-03 9.4645569620253e-02 3.4873417721519e-03 4.7438607594937e-01 3.2658227848101e-03 3.5253164556962e-03 2.3025316455696e-02 1.8696202531646e-02 2.4834810126582e-01 1.2936708860760e-02 2.7215189873418e-03 5.8037974683544e-03 1.1772151898734e-03 9.9367088607595e-04 9.9367088607595e-04 7.2341772151899e-03 1.9556962025316e-03 2.0316455696203e-03 1.9303797468354e-03 2.0594936708861e-02 2.6569620253165e-02 2.1265822784810e-03 4.5126582278481e-03 3.0189873417721e-03 1.7784810126582e-03 1.0272151898734e-02 4.2911392405063e-03 1.4291139240506e-02 2.7341772151899e-03 1.1012658227848e-03 
2.9866949152542e-01 3.8841807909605e-03 3.5169491525424e-03 4.0254237288136e-04 7.2381355932203e-02 6.6525423728814e-04 4.1139830508475e-02 3.6723163841808e-04 1.4000423728814e-01 1.6247033898305e-01 3.2669491525424e-03 8.1638418079096e-03 1.2217514124294e-03 4.8163841807910e-04 3.6309322033898e-02 1.4901129943503e-03 6.7514124293785e-04 5.1977401129944e-04 1.4632909604520e-01 5.1087570621469e-03 4.1285310734463e-03 3.6807909604520e-03 6.3983050847458e-03 1.0550847457627e-03 4.0112994350282e-04 3.8841807909604e-04 2.6228813559322e-03 7.0508474576271e-03 1.1412429378531e-03 4.6064971751412e-02 
8.9128423040604e-02 8.5179414542021e-02 2.0594900849858e-02 1.9322946175637e-02 1.6673371104816e-01 1.5410764872521e-03 7.5448536355052e-04 5.9962228517469e-03 2.1213031161473e-01 1.7315675165250e-01 3.8143531633617e-02 1.3116147308782e-02 1.0191690273843e-02 1.6997167138810e-04 7.9951841359773e-02 6.4966949952786e-04 4.8696883852691e-03 5.7129367327668e-04 4.0925401322002e-03 7.9697828139754e-04 3.5656279508971e-03 1.5942398489141e-02 7.4428706326723e-03 3.7693106704438e-02 3.8243626062323e-04 1.1303116147309e-03 4.1831916902738e-04 6.4022662889518e-04 4.7573182247403e-03 9.3578847969783e-04 
5.8217821782178e-02 1.5408580858086e-02 1.4515511551155e-02 1.6171617161716e-03 2.7511551155115e-03 8.0930693069307e-03 1.8619801980198e-02 1.2686666666667e-01 1.4880528052805e-01 1.7855973597360e-01 3.1223102310231e-02 5.7997359735974e-02 5.7029702970297e-04 1.9141914191419e-04 6.7746534653465e-02 2.7399339933993e-03 1.9388118811881e-02 1.1372937293729e-03 1.7122112211221e-03 1.0726930693069e-01 1.0120792079208e-02 3.9211881188119e-02 5.7782178217822e-03 1.5851485148515e-02 1.0409240924092e-03 5.3306930693069e-02 2.8904290429043e-03 3.6237623762376e-04 7.2184818481848e-03 7.8811881188119e-04 
3.0350000000000e-02 3.6008333333333e-02 2.4750000000000e-03 1.5250000000000e-03 8.7000000000000e-02 1.6916666666667e-03 1.7750000000000e-03 5.0333333333333e-03 2.8280833333333e-01 6.3583333333334e-03 5.7083333333333e-02 4.4316666666667e-02 1.5983333333333e-02 1.4416666666667e-03 3.2000000000000e-03 2.8508333333333e-02 1.5108333333333e-02 1.3150000000000e-01 1.4500000000000e-03 1.9766666666667e-01 1.2366666666667e-02 1.9416666666667e-03 9.7500000000000e-03 2.9416666666667e-03 1.2666666666667e-03 5.2416666666667e-03 8.9666666666667e-03 2.1333333333333e-03 2.2916666666667e-03 1.8166666666667e-03 
8.8385068762279e-02 1.1748526522593e-03 7.4343811394892e-02 5.6188605108055e-04 1.4895874263261e-02 2.8688015717092e-01 2.5147347740668e-03 4.1119842829077e-03 1.6651473477407e-01 6.7479371316306e-02 2.2810019646365e-01 7.0530451866405e-04 2.9489194499018e-03 4.0471512770138e-04 3.5180746561886e-02 1.2593320235756e-03 1.9135559921415e-03 9.3713163064833e-04 4.0864440078585e-04 2.0805500982318e-03 1.5736738703340e-03 1.0491159135560e-03 3.2554027504912e-03 2.6522593320236e-03 8.7622789783890e-04 4.9312377210216e-04 4.5186640471513e-04 2.3182711198428e-03 5.9862475442043e-03 5.4223968565815e-04 
6.5555555555556e-03 3.6666666666667e-03 2.8111111111111e-02 1.8506349206349e-01 6.8079365079365e-02 4.6095238095238e-02 4.6984126984127e-03 5.5238095238095e-03 7.4476190476190e-02 1.6015873015873e-02 8.0952380952381e-03 8.4666666666667e-02 5.7619047619048e-03 3.6666666666667e-03 5.2539682539683e-03 2.8253968253968e-03 2.7619047619048e-02 7.3015873015873e-03 6.2063492063492e-03 2.0982539682540e-01 2.8095238095238e-03 3.2063492063492e-03 4.2222222222222e-03 5.9682539682540e-03 1.5550793650794e-01 5.2539682539683e-03 5.7301587301587e-03 4.8412698412699e-03 9.8730158730159e-03 3.0793650793651e-03 
9.0246478873239e-03 1.2211267605634e-02 1.1161971830986e-03 1.0809859154930e-03 1.5739436619718e-03 2.2869718309859e-02 2.1161971830986e-03 9.4014084507042e-04 3.5449295774648e-01 4.2742957746479e-02 6.7605633802817e-04 1.8485915492958e-03 2.1302816901408e-03 7.2887323943662e-04 1.1890492957746e-01 1.0845070422535e-03 2.2183098591549e-03 2.2330985915493e-02 6.1795774647887e-03 1.2285211267606e-01 2.0352112676056e-03 2.1672535211268e-02 4.2052816901408e-02 1.2197183098592e-02 1.9507042253521e-03 1.0048239436620e-01 5.7471830985915e-02 8.9718309859155e-03 3.3556338028169e-03 2.2686619718310e-02 
6.4140414041404e-02 2.6192619261926e-04 1.2700270027003e-03 5.2655265526553e-04 1.5427542754275e-03 1.5326732673267e-02 4.0720072007201e-03 5.0495049504951e-04 7.1932493249325e-02 1.9999009900990e-01 3.0848784878488e-02 6.0477047704770e-03 1.9693699369937e-01 2.7520432043204e-01 1.8728172817282e-02 3.1689468946895e-02 3.7803780378038e-04 2.7290729072907e-03 4.1836183618362e-03 4.1507650765077e-02 4.6804680468047e-04 2.5606660666067e-02 1.8532853285329e-03 5.3015301530153e-04 1.1431143114311e-03 3.5913591359136e-04 4.5994599459946e-04 6.9396939693969e-04 2.8172817281728e-04 7.8217821782178e-04 
4.0713596914175e-03 4.2237222757956e-04 6.7677917068467e-02 5.5651880424301e-02 8.2962391513982e-02 2.9315332690453e-04 1.5188042430087e-03 3.7994214079074e-04 1.9054291224687e-01 6.1562198649952e-02 3.1238187078110e-02 1.8649951783992e-03 8.7058823529412e-03 6.3162970106075e-04 1.5091031822565e-01 1.3249758919961e-03 7.1552555448409e-04 6.5863066538091e-04 4.7936354869817e-03 1.2692381870781e-02 9.4098360655738e-03 2.6904532304725e-03 7.4638379942141e-04 2.3336547733848e-04 1.1542912246866e-03 2.5843780135005e-04 1.2767598842816e-03 2.3259402121504e-03 2.2864030858245e-03 3.0099903567985e-01 
1.9288973384030e-02 1.4866920152091e-03 3.9657794676806e-02 9.4486692015209e-03 1.5381749049430e-01 2.2053231939163e-03 1.2481749049430e-01 7.3612167300380e-03 2.1487452471483e-01 6.0250950570342e-02 6.6984790874525e-02 1.7870722433460e-03 1.5551330798479e-03 4.4334600760456e-03 9.7927756653992e-02 3.4714828897338e-03 3.1596958174905e-03 2.2547528517110e-03 1.9163498098859e-03 1.6460076045627e-02 5.4425855513308e-02 1.1102661596958e-03 3.5969581749049e-03 1.1825095057034e-03 1.9315589353612e-03 3.3460076045627e-03 5.4866920152091e-03 3.7980988593156e-02 1.4258555133080e-03 5.6353612167300e-02 
7.6146496815287e-03 3.4770700636943e-02 8.5987261146497e-04 1.6038216560510e-02 4.8882165605096e-02 4.4971337579618e-02 9.2356687898089e-04 7.1337579617835e-04 3.8507643312102e-01 3.9649681528662e-03 6.0732484076433e-02 9.2229299363057e-03 4.1146496815287e-03 7.5159235668790e-04 9.0974522292994e-02 3.2038216560510e-03 2.7993630573248e-03 7.4710191082803e-02 3.2805732484076e-02 1.4165923566879e-01 1.5573248407643e-02 6.8471337579618e-04 9.1082802547771e-04 4.8726114649682e-03 1.4968152866242e-03 9.1401273885350e-04 1.1433121019108e-03 5.8566878980892e-03 6.6242038216561e-04 3.0955414012739e-03 
1.5192857142857e-02 1.2987301587302e-02 2.3912698412698e-03 6.2777777777778e-04 3.2511904761905e-02 3.6666666666667e-04 5.3253968253968e-04 2.8902380952381e-02 9.1977777777778e-02 3.4397619047619e-01 3.0373015873016e-02 7.6825396825397e-04 2.0881746031746e-02 2.6269841269841e-04 3.4874603174603e-02 5.3095238095238e-04 9.7142857142857e-04 1.3111111111111e-03 3.8412698412698e-04 6.1461904761905e-02 6.4365079365079e-04 1.0564285714286e-02 3.0533333333333e-01 3.8968253968254e-04 2.2857142857143e-04 2.5396825396825e-04 2.5158730158730e-04 3.3730158730159e-04 2.7698412698413e-04 4.3412698412698e-04 
9.4061887570913e-02 3.6771531717380e-04 1.3445074780815e-03 3.2919030428056e-03 1.1891181021145e-01 1.5255286230015e-03 1.1645177926766e-03 1.4838060856111e-02 2.6798194945848e-01 9.1316142341413e-02 1.4208612686952e-01 1.2160907684373e-03 4.6766374419804e-03 4.2496132026818e-04 1.5482207323363e-03 3.3058277462610e-04 2.4909747292419e-04 3.5072717895823e-02 4.3682310469314e-04 2.7179989685405e-02 2.1012893243940e-02 7.5812274368231e-04 1.8256317689531e-02 2.6338318720990e-03 2.4600309437855e-04 9.9277978339350e-04 1.3391438886024e-01 2.4785972150593e-03 4.5177926766374e-04 1.1230015471893e-02 
8.7324055666004e-02 5.7892644135189e-03 3.4890656063618e-03 1.3956262425447e-03 1.1566600397614e-02 9.1789264413519e-03 1.5149105367793e-03 4.0695825049702e-03 1.2315506958250e-01 1.7272564612326e-01 5.5367793240557e-03 2.5765407554672e-03 1.3677932405567e-03 2.2882703777336e-03 6.8250497017893e-03 3.1451292246521e-03 7.3300198807157e-03 4.6779324055666e-03 2.2166998011928e-03 2.5752087475149e-01 4.9952286282306e-02 3.3717693836978e-03 3.6274353876740e-02 2.3190854870775e-02 1.4506958250497e-02 1.5442942345924e-01 2.5646123260437e-03 5.5666003976143e-04 6.4015904572565e-04 8.1908548707754e-04 
3.0934579439252e-03 7.0439252336449e-02 4.3046728971963e-02 2.4579439252336e-03 8.2252336448598e-02 2.2803738317757e-03 1.5327102803738e-03 7.0177570093458e-02 2.4398130841122e-01 1.1256074766355e-01 1.5504672897196e-02 1.5382242990654e-01 1.5514018691589e-03 1.3084112149533e-03 6.9411214953271e-02 1.8878504672897e-03 1.8411214953271e-03 2.0252336448598e-02 3.0654205607477e-03 3.3205607476636e-02 2.2429906542056e-03 3.2607476635514e-02 2.9345794392523e-03 3.4205607476636e-03 2.2523364485981e-03 1.6542056074766e-03 6.6448598130841e-03 2.6915887850467e-03 8.4205607476636e-03 3.4579439252336e-03 
2.4066985645933e-03 5.1196172248804e-04 2.1593301435407e-02 9.2982456140351e-04 9.7480063795853e-03 2.6140350877193e-03 1.0066985645933e-02 2.2918660287081e-03 2.0473684210526e-01 7.5228070175439e-02 7.9824561403509e-03 4.3540669856459e-04 1.6969696969697e-03 3.5406698564593e-04 8.0054226475279e-02 3.0679425837321e-02 1.9856459330144e-03 1.0861244019139e-03 1.7695853269537e-01 2.2985645933014e-01 6.2457735247209e-02 1.9087719298246e-02 4.6889952153110e-04 6.3955342902711e-04 2.2185007974482e-03 1.2041467304625e-03 5.8979266347688e-03 2.8599681020734e-02 5.7416267942584e-04 1.7634768740032e-02 
4.9665427509294e-02 5.8364312267658e-04 4.5307311028501e-02 7.7819083023544e-04 4.5342007434944e-02 1.6951672862454e-03 1.8878562577447e-02 3.0655514250310e-02 2.1899132589839e-01 1.2061586121437e-01 2.9987608426270e-04 9.5291201982652e-04 1.2676579925651e-03 1.2639405204461e-03 1.4400123915737e-01 1.0012391573730e-03 8.1536555142503e-04 6.8079306071871e-03 1.0780669144981e-03 6.2589838909542e-03 6.9541511771995e-03 9.3532837670384e-02 1.8188351920694e-02 1.5130111524164e-03 4.4857496902107e-04 1.8624535315985e-03 1.7260223048327e-01 6.3729863692689e-03 1.5117719950434e-03 7.5340768277571e-04 
7.1109589041096e-02 1.3825079030558e-03 4.2044257112750e-04 4.6364594309800e-04 2.1074815595364e-03 1.2560590094837e-03 2.0909378292940e-02 2.2152792413066e-02 1.5748682824025e-01 1.5657428872497e-01 1.1022128556375e-03 7.4099051633298e-03 3.5101159114858e-02 2.5395152792413e-04 1.1734878819810e-01 4.0600632244468e-03 4.7629083245522e-04 7.1703898840885e-02 1.7908324552160e-02 5.5033719704953e-02 1.1201264488936e-02 6.4503688092729e-02 1.5053740779768e-02 6.7966280295047e-04 8.0400421496312e-04 2.8092729188620e-03 3.4816649104320e-02 3.9918861959958e-02 1.5100105374078e-03 8.4441517386723e-02 
1.3471844660194e-01 4.7621359223301e-03 5.8300970873786e-03 1.0679611650485e-03 6.7033980582524e-02 3.6106796116505e-02 1.6563106796117e-02 1.9466019417476e-03 1.3276699029126e-01 3.3392718446602e-01 3.8126213592233e-02 1.5446601941748e-02 2.4854368932039e-03 9.6116504854369e-04 2.5868932038835e-02 3.5757281553398e-02 3.0922330097087e-03 1.5106796116505e-02 2.3961165048544e-02 6.8349514563107e-03 1.0631067961165e-03 1.6941747572816e-03 2.6694174757282e-02 2.3300970873786e-03 1.2621359223301e-03 1.0072815533981e-02 5.0849514563107e-02 8.6893203883495e-04 1.0097087378641e-03 1.7912621359223e-03 
5.8750000000000e-03 2.1083333333333e-02 2.5750000000000e-02 4.2208333333333e-02 5.0770833333333e-01 5.5000000000000e-03 7.6666666666667e-03 8.2500000000000e-03 4.2916666666667e-03 4.9583333333333e-03 5.5416666666667e-03 1.9708333333333e-02 2.0916666666667e-02 5.1666666666667e-03 5.9166666666667e-03 1.0750000000000e-02 7.4166666666667e-03 6.9583333333333e-03 2.3291666666667e-02 8.2666666666667e-02 1.6958333333333e-02 4.6041666666667e-02 9.0833333333333e-03 2.0500000000000e-02 7.3333333333333e-03 7.5000000000000e-03 2.6333333333333e-02 9.7916666666667e-03 6.7083333333333e-03 2.8125000000000e-02 
2.4216358839050e-02 1.3693931398417e-03 8.2321899736148e-04 1.4274406332454e-03 8.9382585751979e-02 7.5725593667546e-04 6.9002638522427e-02 7.8100263852243e-04 1.5207124010554e-01 2.2929287598945e-01 2.8443271767810e-03 5.1108179419525e-03 1.1142480211082e-02 7.4670184696570e-04 1.2883113456464e-01 1.3984168865435e-03 1.1327176781003e-02 5.4168865435356e-03 5.0131926121372e-03 2.2248021108179e-02 1.4564643799472e-03 6.5493403693931e-02 2.6200527704485e-03 1.0448548812665e-03 1.5989445910290e-03 1.4802110817942e-03 1.5160949868074e-02 7.0316622691293e-03 1.1823746701847e-01 2.2672823218997e-02 
2.2366255144033e-03 2.6419753086420e-03 3.4944444444444e-02 2.4382716049383e-03 5.2812757201646e-02 1.6543209876543e-03 1.3623456790123e-02 6.5843621399177e-04 1.7996090534979e-01 5.8100823045267e-02 2.6168724279835e-02 6.9135802469136e-04 1.0514403292181e-03 6.9547325102881e-04 1.7028189300412e-01 4.6707818930041e-04 3.0576131687243e-03 3.6111111111111e-03 6.7489711934157e-04 1.4652263374486e-01 5.1061728395062e-02 7.2833333333333e-02 4.4876543209877e-03 4.8559670781893e-04 3.5555555555556e-03 1.0121399176955e-02 1.8744855967078e-03 1.5054938271605e-01 1.0617283950617e-03 1.6748971193416e-03 
2.1445739910314e-02 3.3721973094170e-04 1.1192825112108e-03 6.9327354260090e-04 1.9077130044843e-02 3.0493273542601e-04 7.3452914798206e-04 2.2421524663677e-04 6.6652914798206e-02 1.7740986547085e-01 1.1248430493274e-02 1.1784753363229e-03 6.2026905829596e-03 1.7834977578475e-02 8.2837668161435e-02 2.4394618834081e-04 4.0179372197309e-04 5.3811659192825e-04 3.1479820627803e-04 3.0506726457399e-02 3.6860986547085e-04 2.7120179372197e-02 3.0493273542601e-04 2.5650224215247e-04 5.3086816143498e-01 2.5560538116592e-04 2.6905829596413e-04 2.8609865470852e-04 6.1973094170404e-04 3.4439461883408e-04 
2.1566942148760e-01 1.6673553719008e-01 1.5647382920110e-03 7.5206611570248e-04 1.2754820936639e-02 1.9559228650138e-03 9.6280991735537e-03 1.3388429752066e-02 1.0584022038567e-01 1.9472451790634e-01 7.7603305785124e-02 1.6804407713499e-03 3.0826446280992e-03 4.2066115702479e-03 1.8071625344353e-03 1.3016528925620e-02 1.2305785123967e-02 9.8071625344353e-04 9.5674931129477e-03 1.3085399449036e-03 6.0829201101928e-02 5.2606060606061e-02 1.0716253443526e-03 1.8154269972452e-03 1.3581267217631e-03 1.5812672176309e-03 4.9146005509642e-03 3.3278236914600e-03 1.1267217630854e-03 2.2796143250689e-02 
2.2371875000000e-02 1.6752187500000e-01 4.8346875000000e-02 8.8690625000000e-02 5.0562500000000e-03 9.4375000000000e-04 8.0000000000000e-04 5.9031250000000e-03 1.9574687500000e-01 2.3531250000000e-03 2.6125000000000e-03 1.9312500000000e-03 2.0781250000000e-03 1.2093750000000e-03 1.7000000000000e-03 3.0316875000000e-01 2.9437500000000e-03 4.5250000000000e-03 2.0031250000000e-03 9.5509375000000e-02 2.0868750000000e-02 1.0562500000000e-03 6.4062500000000e-04 1.0556250000000e-02 7.4062500000000e-04 5.6375000000000e-03 5.7187500000000e-04 5.3750000000000e-04 1.6250000000000e-03 2.3500000000000e-03 
5.5027027027027e-03 1.8216216216216e-03 1.3248648648649e-02 4.3405405405405e-03 1.2614054054054e-01 2.4540540540541e-03 5.7297297297297e-03 9.7891891891892e-03 1.3511891891892e-01 4.0054054054054e-03 5.4345945945946e-02 3.1016216216216e-02 1.5297297297297e-03 1.7513513513514e-03 6.1886486486486e-02 1.7945945945946e-03 1.3459459459459e-03 1.3070270270270e-02 1.9108108108108e-02 1.4927027027027e-01 4.6972972972973e-03 3.2587567567568e-01 3.0864864864865e-03 2.8810810810811e-03 2.4270270270270e-03 4.1189189189189e-03 7.4756756756757e-03 2.5513513513514e-03 1.2972972972973e-03 2.3189189189189e-03 
4.0436893203884e-03 3.1796116504854e-03 6.9451456310680e-02 8.2970873786408e-02 9.4611650485437e-03 3.6116504854369e-03 2.1990291262136e-03 2.1699029126214e-02 4.9291747572816e-01 6.7339805825243e-02 1.2378640776699e-03 2.4223300970874e-03 2.2135922330097e-03 1.6796116504854e-03 2.1500000000000e-02 3.5150485436893e-02 6.4805825242718e-03 1.5776699029126e-03 1.5485436893204e-03 6.1558252427184e-02 8.8349514563107e-03 1.2572815533981e-03 2.9029126213592e-03 1.7378640776699e-03 1.1796116504854e-03 8.4388349514563e-02 2.1165048543689e-03 1.7427184466019e-03 1.9077669902913e-03 1.6893203883495e-03 
3.8733587059943e-02 2.8353948620362e-04 2.2337773549001e-02 2.9781160799239e-04 1.2127973358706e-01 1.2216936251189e-03 1.9400570884872e-03 1.3672692673644e-03 2.0691151284491e-01 6.7051379638440e-02 9.5452901998097e-02 9.8477640342531e-04 4.4281636536632e-03 2.4548049476689e-04 1.5835394862036e-02 2.6165556612750e-04 6.7078972407231e-04 1.0057088487155e-03 8.6146527117031e-03 2.0698763082778e-01 5.8557564224548e-02 2.5604186489058e-03 2.7402473834443e-04 8.1065651760228e-04 2.6736441484301e-04 1.2970694576594e-01 5.4186489058040e-03 4.3767840152236e-04 5.3739295908658e-03 6.8125594671741e-04 
1.2715443645084e-01 3.6978417266187e-04 5.1446043165468e-02 8.4940047961631e-04 3.4732374100719e-02 5.2086330935252e-04 4.2695443645084e-03 1.1309352517986e-03 2.1516594724221e-01 1.0558369304556e-01 6.5625899280576e-02 1.9280575539568e-04 1.9136690647482e-04 4.2685851318945e-04 1.2321342925659e-02 1.2570743405276e-03 2.0709832134293e-03 3.4047961630696e-03 2.5803357314149e-04 5.3064748201439e-02 2.2907913669065e-02 1.8488249400480e-02 5.7074340527578e-04 2.8297362110312e-04 2.6666666666667e-04 1.2220623501199e-03 1.1654676258993e-04 2.7520143884892e-01 1.4052757793765e-04 7.6594724220624e-04 
3.6404530744337e-02 1.9058252427185e-02 1.1855447680690e-03 2.8478964401295e-04 1.7832793959008e-02 8.4908306364617e-03 1.3214670981661e-03 1.1815533980583e-02 2.1813160733549e-01 1.8211434735707e-02 7.5221143473571e-02 1.8683926645092e-03 1.3317152103560e-02 2.7184466019417e-04 1.2322869471413e-01 2.5026968716289e-04 4.7680690399137e-04 4.7540453074434e-03 1.8576051779935e-03 3.8320280474650e-01 1.0906148867314e-03 3.1530744336570e-02 1.6628910463862e-02 9.0291262135922e-04 2.3408845738943e-04 2.6860841423948e-04 5.8468176914779e-04 5.7454153182308e-03 2.5987055016181e-03 3.2297734627832e-03 
2.4447368421053e-01 2.1857585139319e-03 1.1846130030960e-01 5.2105263157895e-03 1.5386996904025e-03 4.0061919504644e-03 1.3157894736842e-03 1.5179566563468e-02 3.2204334365325e-01 3.6668730650155e-02 2.4272445820433e-03 3.4637770897833e-02 7.9256965944272e-04 6.2848297213622e-04 1.2617027863777e-01 1.8235294117647e-03 7.8947368421053e-04 5.0804953560371e-03 2.3188854489164e-03 4.6808049535604e-02 2.9102167182662e-03 1.3498452012384e-03 3.5263157894737e-03 1.3405572755418e-03 6.0990712074303e-04 4.4179566563467e-03 1.3777089783282e-03 8.9318885448916e-03 8.3591331269350e-04 2.1393188854489e-03 
5.4261780104712e-02 5.7591623036649e-04 4.6422338568935e-04 2.4921465968586e-03 2.4214659685864e-02 1.4066317626527e-03 4.5026178010471e-04 1.9472949389180e-01 1.7788656195462e-01 2.3554799301920e-01 7.4345549738220e-04 1.3054101221640e-03 1.5513089005236e-02 1.9075043630017e-03 9.7153577661431e-02 6.7364746945899e-04 8.7102966841187e-03 5.3577661431065e-04 1.0680628272251e-03 1.1343804537522e-03 2.6043630017452e-02 8.3150087260035e-02 2.5235602094241e-03 1.9581151832461e-03 6.0732984293194e-04 8.9703315881326e-04 4.3387434554974e-02 3.8219895287958e-04 7.7486910994764e-04 1.9500872600349e-02 
7.0612903225806e-02 5.9447004608295e-04 6.0967741935484e-03 1.3502304147465e-03 1.2532949308756e-01 3.4228110599078e-02 1.8168202764977e-02 2.3571428571429e-03 1.9437557603687e-01 4.8753456221198e-02 3.3654377880184e-02 1.0391705069124e-03 1.7684331797235e-02 5.3225806451613e-04 1.6714516129032e-01 3.9419354838710e-02 4.0806451612903e-03 7.8970046082949e-02 8.0829493087557e-03 7.2253456221198e-02 1.2688940092166e-02 2.3278801843318e-02 1.0599078341014e-03 1.2188940092166e-03 8.0645161290323e-04 4.0599078341014e-03 2.7605990783410e-02 2.7903225806452e-03 1.0714285714286e-03 6.9124423963134e-04 
2.9049462365591e-01 7.0758064516129e-02 2.0161290322581e-03 1.3548387096774e-03 3.7311827956989e-03 4.6451612903226e-03 4.2317204301075e-02 1.0483870967742e-03 2.0755913978495e-01 6.6505376344086e-03 9.7849462365591e-04 9.7043010752688e-03 8.3333333333333e-04 8.8172043010753e-04 7.6505376344086e-03 2.2741935483871e-03 2.2634408602151e-03 1.1451612903226e-03 2.3978494623656e-03 1.7648387096774e-01 2.3333333333333e-03 1.9220430107527e-02 9.9462365591398e-04 1.3338172043011e-01 1.3010752688172e-03 1.3924731182796e-03 8.2795698924731e-04 1.3817204301075e-03 2.5537634408602e-03 1.4247311827957e-03 
2.6516957605985e-01 4.6384039900249e-04 4.4177057356608e-03 3.1546134663342e-04 6.9589775561097e-02 5.1122194513716e-04 7.9551122194514e-03 8.7905236907731e-04 1.9211471321696e-01 4.2024937655860e-02 1.2051745635910e-01 1.2107231920199e-03 7.2319201995012e-04 2.3316708229426e-04 2.8001246882793e-02 9.5635910224439e-04 2.1299251870324e-02 2.8503740648379e-03 6.5960099750623e-04 6.1588528678304e-02 1.8556109725686e-02 3.3304239401496e-03 9.5935162094763e-03 4.0024937655860e-04 2.5062344139651e-04 1.3748503740648e-01 5.1496259351621e-04 4.9376558603491e-04 6.6084788029925e-04 7.2331670822943e-03 
1.3402633617351e-01 1.5027110766847e-03 3.7044926413633e-02 4.7405112316034e-04 3.8316808675445e-02 4.6862896979086e-03 5.6777691711851e-04 2.5318357862122e-02 2.7872579395817e-01 7.0146398140976e-02 8.5042602633617e-03 6.1115414407436e-04 2.5019364833462e-04 7.6142525174284e-04 5.6986057319907e-02 4.9806351665376e-04 6.8861347792409e-04 7.8001549186677e-04 4.3764523625097e-04 5.7161890007746e-02 1.2909604957397e-01 1.4578776142525e-01 7.2269558481797e-04 3.8497288923315e-04 2.8814872192099e-04 4.0743609604957e-04 2.6630518977537e-03 2.2192099147947e-03 3.2765298218435e-04 6.1425251742835e-04 
3.5917431192661e-02 2.1009174311927e-03 1.0040366972477e-01 3.1467889908257e-03 5.0045871559633e-02 3.1651376146789e-03 6.3302752293578e-03 2.0183486238532e-03 1.9594495412844e-01 3.3807339449541e-02 1.5283486238532e-01 7.1825688073395e-02 2.6256880733945e-02 4.2477064220183e-03 8.6256880733945e-02 1.9798165137615e-02 2.3486238532110e-03 5.6788990825688e-03 2.5229357798165e-03 1.2341284403670e-01 6.5137614678899e-03 1.5284403669725e-02 1.9908256880734e-03 1.8256880733945e-03 1.9449541284404e-03 2.8073394495413e-03 1.8899082568807e-03 1.6669724770642e-02 4.2568807339450e-03 1.8752293577982e-02 
4.0165165165165e-02 1.0989489489489e-02 1.7897897897898e-03 2.3168168168168e-03 8.8103603603604e-02 7.1771771771772e-04 4.1996996996997e-03 9.5840840840841e-03 2.4831681681682e-01 1.6465465465465e-02 2.4241741741742e-02 6.6636636636637e-03 1.7605105105105e-02 3.7987987987988e-04 1.3902702702703e-01 2.0426426426426e-02 8.1381381381381e-04 1.2821321321321e-02 3.7237237237237e-03 5.4091591591592e-02 1.4486786786787e-01 1.2943093093093e-01 7.8078078078078e-04 1.0390390390390e-02 2.2702702702703e-03 5.8888888888889e-03 8.9939939939940e-04 6.1561561561562e-04 3.3333333333333e-04 2.0795795795796e-03 
7.3492990654206e-02 3.7457943925234e-02 4.1429906542056e-02 1.1605140186916e-02 1.3081775700935e-02 1.5266355140187e-02 1.7226635514019e-02 1.0584112149533e-02 1.9682710280374e-01 2.0307242990654e-01 5.7406542056075e-03 5.3086448598131e-02 6.1214953271028e-04 4.4859813084112e-04 1.3857009345794e-01 1.2126168224299e-03 1.3271028037383e-03 2.4341121495327e-02 3.6518691588785e-03 1.0649532710280e-02 3.0560747663551e-02 2.3572429906542e-02 3.7406542056075e-03 4.3476635514019e-02 6.5887850467290e-04 2.4205607476636e-03 2.7609813084112e-02 4.4392523364486e-03 3.1098130841122e-03 7.2663551401869e-04 
2.9467849223947e-03 8.3148558758315e-04 1.4013303769401e-03 2.9290465631929e-03 7.0618625277162e-02 8.2483370288248e-04 2.7059866962306e-02 3.2749445676275e-03 1.0976053215078e-01 3.3282705099778e-01 1.4252771618625e-02 1.9095343680710e-02 5.1443458980044e-02 3.8691796008869e-03 5.2815964523282e-03 2.8337028824834e-03 1.3658536585366e-03 2.8980044345898e-03 1.7351662971175e-01 5.9853658536585e-02 2.2126385809313e-02 8.5587583148559e-04 5.1498891352550e-02 5.2771618625277e-04 5.3215077605322e-04 2.3658536585366e-03 4.5210643015521e-03 6.6740576496674e-04 1.0177383592018e-03 2.9002217294900e-02 
1.3993431855501e-02 5.1412151067324e-03 1.0968801313629e-03 3.4814449917898e-02 4.7609195402299e-02 7.0279146141215e-04 1.0443349753695e-03 2.2784893267652e-02 2.8929392446634e-01 1.3628899835796e-03 4.2147783251232e-02 2.2643678160920e-03 3.0870279146141e-04 3.4318555008210e-04 1.3982266009852e-01 3.6453201970443e-04 5.9277504105090e-04 1.1338259441708e-02 3.3333333333333e-04 5.0835796387521e-02 5.7471264367816e-04 3.9408866995074e-04 1.7766830870279e-03 3.3990147783251e-04 3.9573070607553e-04 6.0262725779967e-04 9.0804597701149e-04 1.6272577996716e-03 3.2382430213465e-01 3.3612479474548e-03 
